0.0000000000	0.0000000000	0.0003141590	1
0.0033378000	-0.0146239000	0.0000673200	1
0.0093523000	-0.0117275000	0.0000673200	1
0.0135145000	-0.0065083000	0.0000673200	1
0.0150000000	0.0000000000	0.0000673200	1
0.0135145000	0.0065083000	0.0000673200	1
0.0093523000	0.0117275000	0.0000673200	1
0.0033378000	0.0146239000	0.0000673200	1
-0.0033378000	0.0146239000	0.0000673200	1
-0.0093523000	0.0117275000	0.0000673200	1
-0.0135145000	0.0065083000	0.0000673200	1
-0.0150000000	0.0000000000	0.0000673200	1
-0.0135145000	-0.0065083000	0.0000673200	1
-0.0093523000	-0.0117275000	0.0000673200	1
-0.0033378000	-0.0146239000	0.0000673200	1
0.0055630000	-0.0243732000	0.0001122000	1
0.0155872000	-0.0195458000	0.0001122000	1
0.0225242000	-0.0108471000	0.0001122000	1
0.0250000000	0.0000000000	0.0001122000	1
0.0225242000	0.0108471000	0.0001122000	1
0.0155872000	0.0195458000	0.0001122000	1
0.0055630000	0.0243732000	0.0001122000	1
-0.0055630000	0.0243732000	0.0001122000	1
-0.0155872000	0.0195458000	0.0001122000	1
-0.0225242000	0.0108471000	0.0001122000	1
-0.0250000000	0.0000000000	0.0001122000	1
-0.0225242000	-0.0108471000	0.0001122000	1
-0.0155872000	-0.0195458000	0.0001122000	1
-0.0055630000	-0.0243732000	0.0001122000	1
0.0077882000	-0.0341225000	0.0001570800	1
0.0218221000	-0.0273641000	0.0001570800	1
0.0315339000	-0.0151859000	0.0001570800	1
0.0350000000	0.0000000000	0.0001570800	1
0.0315339000	0.0151859000	0.0001570800	1
0.0218221000	0.0273641000	0.0001570800	1
0.0077882000	0.0341225000	0.0001570800	1
-0.0077882000	0.0341225000	0.0001570800	1
-0.0218221000	0.0273641000	0.0001570800	1
-0.0315339000	0.0151859000	0.0001570800	1
-0.0350000000	0.0000000000	0.0001570800	1
-0.0315339000	-0.0151859000	0.0001570800	1
-0.0218221000	-0.0273641000	0.0001570800	1
-0.0077882000	-0.0341225000	0.0001570800	1
0.0100134000	-0.0438718000	0.0002019600	1
0.0280570000	-0.0351824000	0.0002019600	1
0.0405436000	-0.0195248000	0.0002019600	1
0.0450000000	0.0000000000	0.0002019600	1
0.0405436000	0.0195248000	0.0002019600	1
0.0280570000	0.0351824000	0.0002019600	1
0.0100134000	0.0438718000	0.0002019600	1
-0.0100134000	0.0438718000	0.0002019600	1
-0.0280570000	0.0351824000	0.0002019600	1
-0.0405436000	0.0195248000	0.0002019600	1
-0.0450000000	0.0000000000	0.0002019600	1
-0.0405436000	-0.0195248000	0.0002019600	1
-0.0280570000	-0.0351824000	0.0002019600	1
-0.0100134000	-0.0438718000	0.0002019600	1
0.0122387000	-0.0536210000	0.0002468390	1
0.0342919000	-0.0430007000	0.0002468390	1
0.0495533000	-0.0238636000	0.0002468390	1
0.0550000000	0.0000000000	0.0002468390	1
0.0495533000	0.0238636000	0.0002468390	1
0.0342919000	0.0430007000	0.0002468390	1
0.0122387000	0.0536210000	0.0002468390	1
-0.0122387000	0.0536210000	0.0002468390	1
-0.0342919000	0.0430007000	0.0002468390	1
-0.0495533000	0.0238636000	0.0002468390	1
-0.0550000000	0.0000000000	0.0002468390	1
-0.0495533000	-0.0238636000	0.0002468390	1
-0.0342919000	-0.0430007000	0.0002468390	1
-0.0122387000	-0.0536210000	0.0002468390	1
0.0144639000	-0.0633703000	0.0002917190	1
0.0405268000	-0.0508190000	0.0002917190	1
0.0585630000	-0.0282024000	0.0002917190	1
0.0650000000	0.0000000000	0.0002917190	1
0.0585630000	0.0282024000	0.0002917190	1
0.0405268000	0.0508190000	0.0002917190	1
0.0144639000	0.0633703000	0.0002917190	1
-0.0144639000	0.0633703000	0.0002917190	1
-0.0405268000	0.0508190000	0.0002917190	1
-0.0585630000	0.0282024000	0.0002917190	1
-0.0650000000	0.0000000000	0.0002917190	1
-0.0585630000	-0.0282024000	0.0002917190	1
-0.0405268000	-0.0508190000	0.0002917190	1
-0.0144639000	-0.0633703000	0.0002917190	1
0.0166891000	-0.0731196000	0.0003365990	1
0.0467617000	-0.0586374000	0.0003365990	1
0.0675727000	-0.0325413000	0.0003365990	1
0.0750000000	0.0000000000	0.0003365990	1
0.0675727000	0.0325413000	0.0003365990	1
0.0467617000	0.0586374000	0.0003365990	1
0.0166891000	0.0731196000	0.0003365990	1
-0.0166891000	0.0731196000	0.0003365990	1
-0.0467617000	0.0586374000	0.0003365990	1
-0.0675727000	0.0325413000	0.0003365990	1
-0.0750000000	0.0000000000	0.0003365990	1
-0.0675727000	-0.0325413000	0.0003365990	1
-0.0467617000	-0.0586374000	0.0003365990	1
-0.0166891000	-0.0731196000	0.0003365990	1
0.0189143000	-0.0828689000	0.0003814790	1
0.0529966000	-0.0664557000	0.0003814790	1
0.0765824000	-0.0368801000	0.0003814790	1
0.0850000000	0.0000000000	0.0003814790	1
0.0765824000	0.0368801000	0.0003814790	1
0.0529966000	0.0664557000	0.0003814790	1
0.0189143000	0.0828689000	0.0003814790	1
-0.0189143000	0.0828689000	0.0003814790	1
-0.0529966000	0.0664557000	0.0003814790	1
-0.0765824000	0.0368801000	0.0003814790	1
-0.0850000000	0.0000000000	0.0003814790	1
-0.0765824000	-0.0368801000	0.0003814790	1
-0.0529966000	-0.0664557000	0.0003814790	1
-0.0189143000	-0.0828689000	0.0003814790	1
0.0211395000	-0.0926182000	0.0004263590	1
0.0592315000	-0.0742740000	0.0004263590	1
0.0855920000	-0.0412190000	0.0004263590	1
0.0950000000	0.0000000000	0.0004263590	1
0.0855920000	0.0412190000	0.0004263590	1
0.0592315000	0.0742740000	0.0004263590	1
0.0211395000	0.0926182000	0.0004263590	1
-0.0211395000	0.0926182000	0.0004263590	1
-0.0592315000	0.0742740000	0.0004263590	1
-0.0855920000	0.0412190000	0.0004263590	1
-0.0950000000	0.0000000000	0.0004263590	1
-0.0855920000	-0.0412190000	0.0004263590	1
-0.0592315000	-0.0742740000	0.0004263590	1
-0.0211395000	-0.0926182000	0.0004263590	1
0.0233647000	-0.1023674000	0.0004712390	1
0.0654664000	-0.0820923000	0.0004712390	1
0.0946017000	-0.0455578000	0.0004712390	1
0.1050000000	0.0000000000	0.0004712390	1
0.0946017000	0.0455578000	0.0004712390	1
0.0654664000	0.0820923000	0.0004712390	1
0.0233647000	0.1023674000	0.0004712390	1
-0.0233647000	0.1023674000	0.0004712390	1
-0.0654664000	0.0820923000	0.0004712390	1
-0.0946017000	0.0455578000	0.0004712390	1
-0.1050000000	0.0000000000	0.0004712390	1
-0.0946017000	-0.0455578000	0.0004712390	1
-0.0654664000	-0.0820923000	0.0004712390	1
-0.0233647000	-0.1023674000	0.0004712390	1
0.0255899000	-0.1121167000	0.0005161190	1
0.0717013000	-0.0899106000	0.0005161190	1
0.1036114000	-0.0498966000	0.0005161190	1
0.1150000000	0.0000000000	0.0005161190	1
0.1036114000	0.0498966000	0.0005161190	1
0.0717013000	0.0899106000	0.0005161190	1
0.0255899000	0.1121167000	0.0005161190	1
-0.0255899000	0.1121167000	0.0005161190	1
-0.0717013000	0.0899106000	0.0005161190	1
-0.1036114000	0.0498966000	0.0005161190	1
-0.1150000000	0.0000000000	0.0005161190	1
-0.1036114000	-0.0498966000	0.0005161190	1
-0.0717013000	-0.0899106000	0.0005161190	1
-0.0255899000	-0.1121167000	0.0005161190	1
0.0278151000	-0.1218660000	0.0005609990	1
0.0779362000	-0.0977289000	0.0005609990	1
0.1126211000	-0.0542355000	0.0005609990	1
0.1250000000	0.0000000000	0.0005609990	1
0.1126211000	0.0542355000	0.0005609990	1
0.0779362000	0.0977289000	0.0005609990	1
0.0278151000	0.1218660000	0.0005609990	1
-0.0278151000	0.1218660000	0.0005609990	1
-0.0779362000	0.0977289000	0.0005609990	1
-0.1126211000	0.0542355000	0.0005609990	1
-0.1250000000	0.0000000000	0.0005609990	1
-0.1126211000	-0.0542355000	0.0005609990	1
-0.0779362000	-0.0977289000	0.0005609990	1
-0.0278151000	-0.1218660000	0.0005609990	1
0.0300403000	-0.1316153000	0.0006058790	1
0.0841711000	-0.1055473000	0.0006058790	1
0.1216308000	-0.0585743000	0.0006058790	1
0.1350000000	0.0000000000	0.0006058790	1
0.1216308000	0.0585743000	0.0006058790	1
0.0841711000	0.1055473000	0.0006058790	1
0.0300403000	0.1316153000	0.0006058790	1
-0.0300403000	0.1316153000	0.0006058790	1
-0.0841711000	0.1055473000	0.0006058790	1
-0.1216308000	0.0585743000	0.0006058790	1
-0.1350000000	0.0000000000	0.0006058790	1
-0.1216308000	-0.0585743000	0.0006058790	1
-0.0841711000	-0.1055473000	0.0006058790	1
-0.0300403000	-0.1316153000	0.0006058790	1
