0.005830	0.0060	0.00014000	1
0.017500	0.0060	0.00014000	1
0.029170	0.0060	0.00014000	1
0.040830	0.0060	0.00014000	1
0.052500	0.0060	0.00014000	1
0.064170	0.0060	0.00014000	1
0.075830	0.0060	0.00014000	1
0.087500	0.0060	0.00014000	1
0.099170	0.0060	0.00014000	1
0.110830	0.0060	0.00014000	1
0.122500	0.0060	0.00014000	1
0.134170	0.0060	0.00014000	1
0.070000	0.0184	0.00009280	1
0.070000	0.0312	0.00009280	1
0.070000	0.0440	0.00009280	1
0.070000	0.0568	0.00009280	1
0.070000	0.0696	0.00009280	1
0.070000	0.0824	0.00009280	1
0.070000	0.0952	0.00009280	1
0.070000	0.1080	0.00009280	1
0.070000	0.1208	0.00009280	1
0.070000	0.1336	0.00009280	1
0.070000	0.1464	0.00009280	1
0.070000	0.1592	0.00009280	1
0.070000	0.1720	0.00009280	1
0.070000	0.1848	0.00009280	1
0.070000	0.1976	0.00009280	1
0.070000	0.2104	0.00009280	1
0.070000	0.2232	0.00009280	1
0.070000	0.2360	0.00009280	1
0.070000	0.2488	0.00009280	1
0.070000	0.2616	0.00009280	1
0.005830	0.2740	0.00014000	1
0.017500	0.2740	0.00014000	1
0.029170	0.2740	0.00014000	1
0.040830	0.2740	0.00014000	1
0.052500	0.2740	0.00014000	1
0.064170	0.2740	0.00014000	1
0.075830	0.2740	0.00014000	1
0.087500	0.2740	0.00014000	1
0.099170	0.2740	0.00014000	1
0.110830	0.2740	0.00014000	1
0.122500	0.2740	0.00014000	1
0.134170	0.2740	0.00014000	1
